45
1
0 2 0 2 2 1
0 2 0 4 2 1
2 0 0 2 2 1
2 0 0 4 2 1
6 2 0 2 2 1
4 4 0 0 2 1
2 4 0 2 6 1
6 6 0 8 8 1
8 8 0 10 10 1
6 8 0 8 10 1
0 2 0 2 2 1
0 2 0 4 2 1
2 0 0 2 2 1
2 0 0 4 2 1
6 2 0 2 2 1
4 4 0 0 2 1
2 4 0 2 6 1
6 6 0 8 8 1
8 8 0 10 10 1
6 8 0 8 10 1
0 2 0 2 2 1
0 2 0 4 2 1
2 0 0 2 2 1
2 0 0 4 2 1
6 2 0 2 2 1
4 4 0 0 2 1
2 4 0 2 6 1
6 6 0 8 8 1
8 8 0 10 10 1
6 8 0 8 10 1
0 2 0 2 2 1
0 2 0 4 2 1
2 0 0 2 2 1
2 0 0 4 2 1
6 2 0 2 2 1
4 4 0 0 2 1
2 4 0 2 6 1
6 6 0 8 8 1
8 8 0 10 10 1
6 8 0 8 10 1
0 2 0 2 2 1
0 2 0 4 2 1
2 0 0 2 2 1
2 0 0 4 2 1
6 2 0 2 2 1
4 4 0 0 2 1
2 4 0 2 6 1
6 6 0 8 8 1
8 8 0 10 10 1
6 8 0 8 10 1
